['main']
upload = upload

['thumb']
pre_width = 350
pre_height = 240
width = 1139.23334
height = 639.23334
quality = 100
rgb = 0x212a33
