theme = black
pre_width = 350
pre_height = 240
width = 957.23334
height = 481.23334
quality = 100
rgb = 0xFFFFFF
